0.000000 0.000000
0.005805 0.000000
0.011610 0.000000
0.017415 0.000000
0.023220 0.000000
0.029025 0.000000
0.034830 0.000000
0.040635 0.000000
0.046440 0.000000
0.052245 0.000000
0.058050 0.000000
0.063855 0.000000
0.069660 0.000000
0.075465 0.000000
0.081270 0.000000
0.087075 0.000000
0.092880 0.000000
0.098685 0.000000
0.104490 0.000000
0.110295 0.000000
0.116100 0.000000
0.121905 0.000000
0.127710 0.000000
0.133515 0.000000
0.139320 0.000000
0.145125 0.000000
0.150930 0.000000
0.156735 0.000000
0.162540 0.000000
0.168345 0.000000
0.174150 0.000000
0.179955 0.000000
0.185760 0.000000
0.191565 0.000000
0.197370 0.000000
0.203175 0.000000
0.208980 0.000000
0.214785 0.000000
0.220590 0.000000
0.226395 0.000000
0.232200 0.000000
0.238005 0.000000
0.243810 0.000000
0.249615 0.000000
0.255419 0.000000
0.261224 0.000000
0.267029 0.000000
0.272834 0.000000
0.278639 0.000000
0.284444 0.000000
0.290249 0.000000
0.296054 0.000000
0.301859 0.000000
0.307664 0.000000
0.313469 0.000000
0.319274 0.000000
0.325079 0.000000
0.330884 0.000000
0.336689 0.000000
0.342494 0.000000
0.348299 0.000000
0.354104 0.000000
0.359909 0.000000
0.365714 0.000000
0.371519 0.000000
0.377324 0.000000
0.383129 0.000000
0.388934 0.000000
0.394739 0.000000
0.400544 0.000000
0.406349 0.000000
0.412154 0.000000
0.417959 0.000000
0.423764 0.000000
0.429569 0.000000
0.435374 0.000000
0.441179 0.000000
0.446984 0.000000
0.452789 0.000000
0.458594 0.000000
0.464399 0.000000
0.470204 0.000000
0.476009 0.000000
0.481814 0.000000
0.487619 0.000000
0.493424 0.000000
0.499229 0.000000
0.505034 0.000000
0.510839 0.000000
0.516644 0.000000
0.522449 0.000000
0.528254 0.000000
0.534059 0.000000
0.539864 0.000000
0.545669 0.000000
0.551474 0.000000
0.557279 0.000000
0.563084 0.000000
0.568889 0.000000
0.574694 0.000000
0.580499 0.000000
0.586304 0.000000
0.592109 0.000000
0.597914 0.000000
0.603719 0.000000
0.609524 0.000000
0.615329 0.000000
0.621134 0.000000
0.626939 0.000000
0.632744 0.000000
0.638549 0.000000
0.644354 0.000000
0.650159 0.000000
0.655964 0.000000
0.661769 0.000000
0.667574 0.000000
0.673379 0.000000
0.679184 0.000000
0.684989 0.000000
0.690794 0.000000
0.696599 0.000000
0.702404 0.000000
0.708209 0.000000
0.714014 0.000000
0.719819 0.000000
0.725624 0.000000
0.731429 0.000000
0.737234 0.000000
0.743039 0.000000
0.748844 272.001740
0.754649 5136.046387
0.760454 5135.811035
0.766258 5174.993164
0.772063 5221.414551
0.777869 5261.777832
0.783673 5275.289551
0.789478 147.756836
0.795283 147.816879
0.801088 147.852829
0.806893 147.892899
0.812698 147.959183
0.818503 148.018417
0.824308 83.635643
0.830113 83.622871
0.835918 83.619072
0.841723 83.609550
0.847528 83.608902
0.853333 83.615913
0.859138 83.622940
0.864943 83.639000
0.870748 83.650078
0.876553 83.648186
0.882358 83.650322
0.888163 83.648598
0.893968 83.641235
0.899773 83.647423
0.905578 83.652344
0.911383 83.639923
0.917188 83.609840
0.922993 83.593285
0.928798 83.577339
0.934603 83.568878
0.940408 83.550613
0.946213 83.538101
0.952018 83.517250
0.957823 83.511734
0.963628 83.443230
0.969433 83.358032
0.975238 83.275780
0.981043 83.262497
0.986848 83.270042
0.992653 83.296059
0.998458 83.312683
1.004263 83.362404
1.010068 83.366631
1.015873 83.335472
1.021678 83.241730
1.027483 83.146675
1.033288 83.133110
1.039093 83.221107
1.044898 83.294250
1.050703 83.352539
1.056508 83.369949
1.062313 83.333565
1.068118 83.246880
1.073923 83.123970
1.079728 83.126816
1.085533 83.264458
1.091338 83.483665
1.097143 83.549324
1.102948 83.541885
1.108753 83.379799
1.114558 83.328423
1.120363 83.294579
1.126168 83.387878
1.131973 83.494148
1.137778 83.647812
1.143583 83.611366
1.149388 83.493553
1.155193 83.248322
1.160998 83.147110
1.166803 83.187576
1.172608 83.392281
1.178413 83.424728
1.184218 83.369987
1.190023 83.266052
1.195828 83.203545
1.201633 83.207626
1.207438 83.343925
1.213243 83.410965
1.219048 83.430557
1.224853 83.453453
1.230658 83.466362
1.236463 83.459724
1.242268 83.400070
1.248073 83.357269
1.253878 83.334084
1.259683 83.439201
1.265488 83.488556
1.271293 83.528366
1.277097 83.436119
1.282902 83.370392
1.288707 83.279976
1.294513 83.289169
1.300317 83.324471
1.306122 83.499611
1.311927 83.577385
1.317732 83.597252
1.323537 83.465904
1.329342 83.397774
1.335147 165.627151
1.340952 167.690430
1.346757 167.375259
1.352562 83.433250
1.358367 83.481125
1.364172 83.560081
1.369977 83.566032
1.375782 172.841568
1.381587 172.478806
1.387392 164.025894
1.393197 164.459000
1.399002 165.920502
1.404807 166.439896
1.410612 166.029480
1.416417 165.247665
1.422222 164.945267
1.428027 164.686325
1.433832 164.051895
1.439637 164.025833
1.445442 164.608810
1.451247 165.420074
1.457052 165.881714
1.462857 165.994644
1.468662 166.340927
1.474467 167.096680
1.480272 166.388702
1.486077 165.275116
1.491882 164.833710
1.497687 165.615814
1.503492 166.366455
1.509297 166.862885
1.515102 166.804138
1.520907 166.514191
1.526712 166.174194
1.532517 166.041321
1.538322 166.114243
1.544127 166.430984
1.549932 166.618912
1.555737 166.611755
1.561542 166.404358
1.567347 166.117569
1.573152 166.181915
1.578957 166.155197
1.584762 166.000916
1.590567 166.181519
1.596372 166.667831
1.602177 166.504608
1.607982 166.226456
1.613787 165.952225
1.619592 165.794739
1.625397 166.078064
1.631202 166.663528
1.637007 166.637131
1.642812 166.228745
1.648617 165.959290
1.654422 166.370438
1.660227 167.023941
1.666032 167.059372
1.671837 166.748688
1.677642 166.556320
1.683447 166.627441
1.689252 166.862091
1.695057 166.716522
1.700862 166.400284
1.706667 166.147217
1.712472 165.922989
1.718277 165.803894
1.724082 166.039566
1.729887 166.196167
1.735692 165.688004
1.741497 165.783157
1.747302 166.834610
1.753107 166.959518
1.758912 166.768799
1.764717 166.225723
1.770522 165.460571
1.776327 165.980835
1.782132 167.662964
1.787936 167.715897
1.793741 166.959244
1.799546 165.457367
1.805351 164.341858
1.811157 164.215179
1.816961 164.826157
1.822766 166.790054
1.828571 168.241776
1.834376 167.914688
1.840181 166.657089
1.845986 165.962875
1.851791 165.766937
1.857596 166.835663
1.863401 167.891937
1.869206 167.620163
1.875011 166.637100
1.880816 166.583176
1.886621 166.526245
1.892426 165.855133
1.898231 164.515015
1.904036 164.546799
1.909841 166.478012
1.915646 167.395401
1.921451 167.138565
1.927256 166.306305
1.933061 164.530869
1.938866 164.114151
1.944671 164.811981
1.950476 165.662704
1.956281 165.720642
1.962086 165.642731
1.967891 165.678284
1.973696 166.232925
1.979501 167.630524
1.985306 167.813980
1.991111 167.510452
1.996916 167.177704
2.002721 166.710403
2.008526 166.037811
2.014331 165.578018
2.020136 165.095078
2.025941 164.407730
2.031746 164.136246
2.037551 164.456055
2.043356 165.626343
2.049161 166.909836
2.054966 167.201782
2.060771 167.594864
2.066576 169.043686
2.072381 170.180496
2.078186 170.224380
2.083991 168.071320
2.089796 166.987152
2.095601 167.341965
2.101406 167.329193
2.107211 166.402588
2.113016 165.216049
2.118821 164.282593
2.124626 163.963852
2.130431 165.715668
2.136236 166.801804
2.142041 166.628418
2.147846 165.060028
2.153651 83.668579
2.159456 83.600563
2.165261 83.689354
2.171066 164.053970
2.176871 164.599960
2.182676 163.937271
2.188481 162.953735
2.194286 162.918472
2.200091 165.576202
2.205896 165.632156
2.211701 165.799118
2.217506 167.280548
2.223311 172.194809
2.229116 173.062180
2.234921 170.471954
2.240726 168.190628
2.246531 167.790878
2.252336 166.721695
2.258141 165.051575
2.263946 164.648758
2.269751 165.030563
2.275556 165.157364
2.281361 164.295593
2.287166 163.698517
2.292970 165.442352
2.298775 166.495071
2.304580 166.003250
2.310385 166.463821
2.316190 166.943787
2.321995 166.297607
2.327801 163.814224
2.333606 163.009781
2.339411 163.588715
2.345215 165.691788
2.351020 167.508514
2.356825 160.767914
2.362630 161.924850
2.368435 161.752914
2.374240 161.156494
2.380045 83.654068
2.385850 162.231369
2.391655 163.049179
2.397460 163.068832
2.403265 163.085953
2.409070 176.027023
2.414875 83.434769
2.420680 83.414528
2.426485 83.475723
2.432290 83.502777
2.438095 83.340851
2.443900 160.427521
2.449705 172.187180
2.455510 171.577713
2.461315 170.512848
2.467120 83.535789
2.472925 83.516594
2.478730 83.531265
2.484535 83.489990
2.490340 83.392105
2.496145 158.106873
2.501950 175.543762
2.507755 177.086121
2.513560 177.500031
2.519365 83.310272
2.525170 157.641174
2.530975 157.833298
2.536780 158.865341
2.542585 159.005890
2.548390 158.588669
2.554195 158.914841
2.560000 158.774887
2.565805 157.994125
2.571610 157.556946
2.577415 157.263565
2.583220 83.535408
2.589025 83.670410
2.594830 154.933609
2.600635 155.401840
2.606440 0.000000
2.612245 173.719604
2.618050 0.000000
2.623855 174.524475
2.629660 83.409111
2.635465 0.000000
2.641270 83.801186
2.647075 83.593842
2.652880 83.432098
2.658685 83.399559
2.664490 0.000000
2.670295 175.752457
2.676100 0.000000
2.681905 83.411034
2.687710 0.000000
2.693515 83.591721
2.699320 0.000000
2.705125 0.000000
2.710930 0.000000
2.716735 83.484268
2.722540 0.000000
2.728345 83.628845
2.734150 0.000000
2.739955 83.909912
2.745760 83.887131
2.751565 0.000000
2.757370 0.000000
2.763175 83.483635
2.768980 157.226227
2.774785 83.428719
2.780590 83.617027
2.786395 0.000000
2.792200 0.000000
2.798005 83.551102
2.803810 0.000000
2.809614 0.000000
2.815419 0.000000
2.821224 0.000000
2.827029 83.387535
2.832834 0.000000
2.838639 0.000000
2.844445 0.000000
2.850250 0.000000
2.856054 0.000000
2.861859 0.000000
2.867664 0.000000
2.873469 0.000000
2.879274 0.000000
2.885079 156.225342
2.890884 0.000000
2.896689 0.000000
2.902494 0.000000
2.908299 0.000000
2.914104 0.000000
2.919909 0.000000
2.925714 0.000000
2.931519 83.559647
2.937324 0.000000
2.943129 83.906891
2.948934 0.000000
2.954739 0.000000
2.960544 0.000000
2.966349 285.274078
2.972154 0.000000
2.977959 0.000000
2.983764 0.000000
2.989569 0.000000
2.995374 0.000000
3.001179 0.000000
3.006984 0.000000
3.012789 0.000000
3.018594 0.000000
3.024399 0.000000
3.030204 0.000000
3.036009 83.366997
3.041814 0.000000
3.047619 83.798790
3.053424 0.000000
3.059229 0.000000
3.065034 0.000000
3.070839 0.000000
3.076644 0.000000
3.082449 0.000000
3.088254 0.000000
3.094059 0.000000
3.099864 0.000000
3.105669 0.000000
3.111474 0.000000
3.117279 0.000000
3.123084 0.000000
3.128889 0.000000
3.134694 0.000000
3.140499 0.000000
3.146304 0.000000
3.152109 0.000000
3.157914 0.000000
3.163719 0.000000
3.169524 0.000000
3.175329 0.000000
3.181134 0.000000
3.186939 0.000000
3.192744 0.000000
3.198549 0.000000
3.204354 0.000000
3.210159 0.000000
3.215964 83.757645
3.221769 0.000000
3.227574 0.000000
3.233379 0.000000
3.239184 0.000000
3.244989 157.169250
3.250794 83.410858
3.256599 0.000000
3.262404 83.616714
3.268209 0.000000
3.274014 83.883064
3.279819 0.000000
3.285624 83.920654
3.291429 0.000000
3.297234 0.000000
3.303039 156.368973
3.308844 155.928635
3.314649 0.000000
3.320453 84.058693
3.326258 0.000000
3.332063 84.005051
3.337868 0.000000
3.343673 83.931061
3.349478 0.000000
3.355283 158.170380
3.361089 0.000000
3.366894 83.913986
3.372698 0.000000
3.378503 83.931961
3.384308 83.942513
3.390113 0.000000
3.395918 176.969223
3.401723 177.190063
3.407528 0.000000
3.413333 0.000000
3.419138 0.000000
3.424943 0.000000
3.430748 155.742905
3.436553 0.000000
3.442358 155.665390
3.448163 0.000000
3.453968 157.673340
3.459773 157.793182
3.465578 0.000000
3.471383 157.140305
3.477188 156.780090
3.482993 0.000000
3.488798 83.965919
3.494603 84.044624
3.500408 83.917480
3.506213 83.824722
3.512018 0.000000
3.517823 161.259720
3.523628 160.179932
3.529433 157.575821
3.535238 84.041000
3.541043 84.042854
3.546848 84.039032
3.552653 83.955017
3.558458 0.000000
3.564263 157.826736
3.570068 157.775574
3.575873 157.311386
3.581678 83.958878
3.587483 83.914261
3.593288 84.114502
3.599093 84.470581
3.604898 0.000000
3.610703 160.208298
3.616508 0.000000
3.622313 176.473022
3.628118 177.405212
3.633923 0.000000
3.639728 155.934967
3.645533 0.000000
3.651338 155.822006
3.657143 176.412155
3.662948 177.196869
3.668753 177.357971
3.674558 158.395142
3.680363 0.000000
3.686168 174.022293
3.691973 158.346420
3.697778 157.794159
3.703583 0.000000
3.709388 83.878090
3.715193 83.655228
3.720998 83.427330
3.726803 177.267548
3.732608 176.497833
3.738413 156.691147
3.744218 155.425430
3.750023 154.877762
3.755828 84.167953
3.761633 84.105766
3.767438 83.985054
3.773243 160.983154
3.779048 176.329163
3.784853 0.000000
3.790658 176.476898
3.796463 0.000000
3.802268 83.706169
3.808073 83.904106
3.813878 84.197472
3.819683 84.168015
3.825488 83.923714
3.831293 177.728607
3.837097 177.879410
3.842902 83.861809
3.848707 83.913612
3.854512 83.937042
3.860317 83.880051
3.866122 155.345947
3.871927 174.867630
3.877733 172.903748
3.883538 157.677292
3.889342 0.000000
3.895147 155.642212
3.900952 0.000000
3.906757 83.674332
3.912562 83.841637
3.918367 84.043655
3.924172 83.897011
3.929977 158.899765
3.935782 174.823593
3.941587 159.043488
3.947392 158.488113
3.953197 157.703766
3.959002 156.816437
3.964807 84.344009
3.970612 84.303818
3.976417 84.090515
3.982222 0.000000
3.988027 158.120453
3.993832 158.299072
3.999637 159.980469
4.005442 84.134827
4.011247 84.184906
4.017052 84.082550
4.022857 83.998749
4.028662 0.000000
4.034467 177.180984
4.040272 0.000000
4.046077 178.330444
4.051882 179.212326
4.057687 84.065697
4.063492 84.101654
4.069297 0.000000
4.075102 84.058731
4.080907 157.475021
4.086712 0.000000
4.092517 158.519241
4.098322 157.325089
4.104127 157.616760
4.109932 157.932205
4.115737 157.755600
4.121542 83.979607
4.127347 83.996994
4.133152 84.190575
4.138957 157.606522
4.144762 158.765060
4.150567 159.006790
4.156372 177.143631
4.162177 161.670715
4.167982 83.929474
4.173787 84.035034
4.179592 84.195305
4.185397 84.327415
4.191202 84.254539
4.197007 158.012375
4.202812 158.142548
4.208617 158.141281
4.214422 157.862488
4.220227 157.069641
4.226032 155.966278
4.231837 155.368988
4.237642 83.859573
4.243447 83.936668
4.249252 169.897049
4.255057 0.000000
4.260862 167.623428
4.266667 173.758377
4.272471 176.147659
4.278276 158.165192
4.284081 158.035721
4.289886 158.152969
4.295691 176.890884
4.301497 176.229767
4.307302 175.723297
4.313107 175.305618
4.318912 160.838837
4.324717 0.000000
4.330522 156.629059
4.336327 0.000000
4.342132 157.968521
4.347937 157.881821
4.353742 156.943970
4.359547 155.964783
4.365352 179.071701
4.371157 0.000000
4.376961 179.917160
4.382766 84.001503
4.388571 84.114113
4.394376 0.000000
4.400181 84.188576
4.405986 84.135735
4.411791 84.086815
4.417596 157.720551
4.423401 158.113907
4.429206 0.000000
4.435011 156.936218
4.440816 0.000000
4.446621 83.907776
4.452426 0.000000
4.458231 84.108017
4.464036 0.000000
4.469841 176.527481
4.475646 176.014587
4.481451 176.615768
4.487256 83.757042
4.493061 83.845093
4.498866 83.895187
4.504671 0.000000
4.510476 156.303711
4.516281 176.963470
4.522086 0.000000
4.527891 155.873047
4.533696 155.781860
4.539501 0.000000
4.545306 84.134079
4.551111 0.000000
4.556916 84.155800
4.562721 0.000000
4.568526 154.711121
4.574331 154.982132
4.580136 0.000000
4.585941 178.636261
4.591746 178.314392
4.597551 0.000000
4.603356 84.039368
4.609161 0.000000
4.614966 0.000000
4.620771 0.000000
4.626576 0.000000
4.632381 0.000000
4.638186 157.129395
4.643991 0.000000
4.649796 156.887497
4.655601 0.000000
4.661406 0.000000
4.667211 0.000000
4.673016 0.000000
4.678821 0.000000
4.684626 179.104111
4.690431 0.000000
4.696236 178.239441
4.702041 0.000000
4.707846 0.000000
4.713651 84.281746
4.719456 0.000000
4.725261 157.578476
4.731066 0.000000
4.736871 0.000000
4.742676 155.981705
4.748481 0.000000
4.754286 84.203323
4.760091 0.000000
4.765896 0.000000
4.771701 0.000000
4.777506 0.000000
4.783311 0.000000
4.789115 156.178894
4.794920 0.000000
4.800725 83.970703
4.806530 0.000000
4.812335 0.000000
4.818141 0.000000
4.823946 0.000000
4.829751 0.000000
4.835556 0.000000
4.841361 0.000000
4.847166 0.000000
4.852971 0.000000
4.858776 0.000000
4.864581 0.000000
4.870386 0.000000
4.876191 0.000000
4.881996 0.000000
4.887800 0.000000
4.893605 0.000000
4.899410 0.000000
4.905215 0.000000
4.911020 0.000000
4.916825 0.000000
4.922630 0.000000
4.928435 0.000000
4.934240 0.000000
4.940045 0.000000
4.945850 0.000000
4.951655 155.473221
4.957460 0.000000
4.963265 0.000000
4.969070 0.000000
4.974875 0.000000
4.980680 0.000000
4.986485 0.000000
4.992290 0.000000
