[1.        1.        0.5064274]
[1.        2.        0.5096411]
[1.        3.        0.5174076]
[1.        4.        0.5243707]
[1.        5.        0.5278522]
[1.         6.         0.53588647]
[1.        7.        0.5428495]
[1.        8.        0.5490091]
[1.         9.         0.55570436]
[ 1.        10.         0.5605249]
[ 1.         11.          0.56507766]
[ 1.         12.          0.56722015]
[ 1.         13.          0.57364756]
[ 1.         14.          0.57846814]
[ 1.         15.          0.58730584]
[2.         1.         0.59159076]
[2.        2.        0.6006963]
[2.         3.         0.60578465]
[2.        4.        0.6146224]
[2.         5.         0.61997855]
[2.         6.         0.62506694]
[2.        7.        0.6344403]
[2.        8.        0.6416711]
[2.        9.        0.6478307]
[ 2.        10.         0.6518479]
[ 2.        11.         0.6585431]
[ 2.       12.        0.665774]
[ 2.        13.         0.6722014]
[ 2.       14.        0.678361]
